Минск
Гомель
Брест
Гродно
Витебск
Могилев
Мозырь
Житковичи 
Солигорск	
Давид-городок 
Волковыск		
Орша
Бобруйск
Молодечно
0 0 0 0 0 0 0 0 0 0 0 0 0 0
1 0 0 0 0 0 0 0 0 0 0 0 0 0
1 0 0 0 0 0 0 0 0 0 0 0 0 0
1 0 0 0 0 0 0 0 0 0 0 0 0 0
1 0 0 0 0 0 0 0 0 0 0 0 0 0
1 0 0 0 0 0 0 0 0 0 0 0 0 0
0 1 0 0 0 0 0 0 0 0 0 0 0 0
0 0 0 0 0 0 1 0 0 0 0 0 0 0
1 0 1 0 0 0 1 1 0 0 0 0 0 0
0 0 1 0 0 0 0 1 0 0 0 0 0 0
0 0 1 1 0 0 0 0 0 0 0 0 0 0
1 0 0 0 1 1 0 0 0 0 0 0 0 0
1 1 0 0 0 1 0 0 0 0 0 0 0 0
0 0 0 1 1 0 0 0 0 0 0 0 0 0
